94
211
273
366
468
473
699
924
1040
1090
1254
1465
1479
1607
1729
1754
1841
1861
2048
2052
2158
2207
2274
2483
2660
2822
2832
3076
3274
3479
3702
3780
3913
4065
4142
4218
4256
4450
4682
4844
4902
4933
4955
5139
5141
5287
5518
5539
5792
5896
6002
6043
6272
6525
6760
6817
6853
6993
7200
7219
7330
7412
7424
7541
7750
7988
8131
8279
8376
8626
8709
8757
8771
8777
8948
8960
9089
9310
9319
9552
9651
9778
9843
10086
10241
10457
10589
10710
10845
11073
11238
11297
11375
11453
11581
11640
11790
11857
12077
12305
12410
12605
12848
13096
13277
13505
13617
13703
13769
13969
14183
14299
14352
14524
14581
14665
14871
14989
15142
15283
15342
15418
15658
15832
15866
15876
16097
16340
16593
16706
16708
16918
16948
17078
17325
17379
17538
17731
17833
17872
18116
18171
18171
18386
18453
18605
18652
18877
18968
18992
19227
19457
19577
19693
19863
19903
19917
20124
20379
20435
20491
20691
20946
21150
21359
21373
21500
21544
21694
21782
21887
22019
22039
22271
22477
22542
22716
22779
22817
22882
23122
23209
23250
23322
23393
23442
23539
23762
23853
23855
24014
24262
24431
24515
24711
24827
24984
25032
25187
25424
25462
25688
25772
25842
26006
26135
26190
26405
26634
26674
26706
26727
26792
26993
27092
27332
27363
27608
27721
27870
28061
28229
28308
28346
28412
28449
28562
28812
28887
28992
29103
29329
29447
29657
29856
29885
29894
30001
30097
30320
30380
30420
30598
30808
30829
31048
31226
31362
31417
31655
31712
31928
32159
32332
32457
32701
32898
32924
33065
33281
33312
33354
33480
33654
33827
34032
34143
34317
34471
34613
34623
34650
34905
35021
35102
35184
35310
35385
35409
35599
35762
35869
35887
36031
36136
36222
36460
36679
36881
36915
37150
37273
37441
37689
37926
38043
38152
38194
38384
38427
38584
38822
38836
38886
38994
39173
39185
39406
39656
39689
39880
39945
39953
40092
40158
40312
40400
40565
40587
40825
40907
41136
41231
41478
41629
41762
41932
42075
42330
42331
42519
42769
42863
42959
43160
43271
43388
43566
43653
43851
44094
44271
44454
44696
44750
44814
45041
45199
45370
45598
45770
45934
46158
46178
46380
46427
46437
46598
46773
46958
47087
47290
47439
47547
47791
47903
48150
48300
48459
48537
48712
48730
48882
49116
49335
49509
49725
49898
50131
50286
50396
50645
50876
50883
50951
51162
51237
51258
51434
51495
51713
51873
52055
52282
52379
52582
52721
52764
52982
53068
53161
53210
53249
53354
53398
53430
53553
53697
53827
53911
54159
54224
54456
54643
54798
54942
55141
55286
55493
55587
55687
55752
55802
55918
56136
56231
56431
56526
56762
56876
57071
57140
57193
57430
57543
57697
57798
57953
58132
58329
58398
58422
58654
58692
58876
58938
59163
59286
59415
59664
59838
59842
60027
60136
60146
60274
60449
60480
60597
60640
60682
60844
61037
61111
61196
61381
61421
61649
61681
61895
61907
61982
62225
62386
62618
62753
62885
62976
63176
63306
63414
63566
63728
63896
64013
64213
64235
64322
64517
64550
64747
64906
65002
65109
65146
65321
65505
65641
65832
65974
66199
66279
66376
66442
66454
66520
66726
66804
66916
67091
67188
67263
67490
67516
67743
67922
68040
68287
68471
68506
68546
68799
68919
69081
69126
69171
69327
69541
69573
69750
69853
69983
70123
70358
70402
70410
70482
70540
70672
70834
71017
71048
71237
71482
71560
71713
71961
72024
72035
72111
72142
72332
72454
72630
72715
72842
73048
73250
73326
73548
73712
73812
74012
74023
74167
74342
74475
74697
74872
75087
75212
75412
75471
75629
75816
75883
76053
76083
76332
76449
76687
76932
76969
77068
77299
77448
77653
77789
77942
78102
78152
78395
78611
78795
79016
79153
79248
79390
79448
79622
79738
79758
79819
80038
80103
80238
80452
80567
80665
80904
80923
80931
81015
81160
81328
81480
81534
81544
81677
81819
81990
82173
82216
82345
82593
82637
82855
82915
83122
83151
83331
83438
83468
83710
83797
84023
84130
84267
84500
84735
84763
84897
84962
85079
85236
85321
85379
85490
85595
85787
85917
85975
86116
86359
86455
86460
86556
86664
86848
86940
87101
87152
87305
87337
87350
87369
87407
87520
87702
87806
88030
88257
88408
88436
88636
88837
89032
89146
89199
89376
89376
89473
89577
89614
89825
89912
90117
90350
90570
90668
90848
90892
91057
91260
91371
91452
91476
91649
91837
92026
92236
92478
92492
92636
92707
92777
92936
93110
93352
93457
93556
93621
93629
93804
93959
94109
94137
94248
94423
94479
94555
94729
94894
95066
95232
95377
95400
95411
95503
95717
95763
95904
96085
96132
96238
96450
96618
96795
96831
96952
97120
97247
97405
97594
97812
97963
97981
98168
98319
98384
98423
98650
98728
98902
98981
99014
99041
99144
99344
99586
99588
99794
99804
100021
100272
100328
100428
100567
100740
100902
100932
100936
101147
101213
101438
101494
101563
101806
101844
102047
102199
102441
102554
102651
102707
102856
102955
102963
103187
103371
103500
103562
103773
103886
103991
104029
104074
104152
104397
104496
104723
104961
105193
105426
105681
105727
105781
106025
106050
106151
106361
106374
106424
106540
106635
106879
106955
107177
107224
107467
107642
107788
107870
108043
108137
108233
108375
108458
108505
108743
108792
108950
109128
109311
109541
109550
109677
109817
109820
109978
110180
110428
110619
110640
110779
110876
111075
111079
111102
111255
111282
111344
111396
111614
111725
111965
112076
112241
112395
112607
112782
112929
113141
113172
113360
113518
113589
113595
113675
113721
113810
113904
114127
114348
114385
114519
114647
114820
114949
115079
115115
115257
115435
115479
115557
115674
115917
115934
116025
116131
116176
116328
116345
116442
116634
116840
117066
117142
117216
117411
117508
117606
117771
118016
118121
118212
118450
118626
118770
118825
118982
119222
119264
119361
119404
119425
119504
119656
119761
120014
120096
120311
120318
120409
120438
120633
120819
121055
121310
121478
121619
121714
121856
121884
121891
122020
122029
122263
122394
122611
122636
122662
122887
123052
123150
123355
123485
123707
123739
123856
123940
123966
124023
124222
124284
124381
124438
124534
124592
124764
124983
125135
125346
125475
125595
125650
125669
125822
125947
126103
126161
126383
126467
126656
126825
127022
127198
127308
127318
127327
127427
127484
127695
127807
127977
128020
128077
128092
128256
128395
128456
128583
128631
128749
128804
128855
129064
129099
129132
129220
129271
129378
129599
129728
129881
129912
130105
130255
130266
130487
130698
130836
131073
131213
131431
131667
131875
131969
132000
132096
132145
132353
132606
132771
133002
133078
133192
133201
133270
133519
133626
133831
134047
134178
134408
134530
134657
134684
134883
135085
135158
135164
135364
135542
135725
135744
135947
135965
136174
136369
136454
136521
136733
136929
136939
137002
137087
137182
137221
137474
137625
137745
137813
137903
138011
138133
138215
138219
138463
138632
138832
138919
139041
139108
139324
139561
139773
139784
139918
140059
140133
140344
140516
140723
140968
141075
141075
141312
141377
141506
141560
141759
141898
141967
141976
141985
142145
142211
142446
142456
142524
142770
142806
142930
143185
143265
143442
143524
143536
143710
143879
144023
144128
144363
144456
144667
144728
144758
144998
145004
145228
145397
145648
145724
145976
146138
146192
146331
146396
146443
146522
146704
146833
146876
147005
147125
147289
147520
147579
147811
147987
148215
148236
148247
148345
148509
148577
148598
148814
148908
148919
148965
149060
149252
149501
149532
149682
149798
149862
149949
150124
150145
150337
150514
150756
150902
150923
151027
151085
151150
151296
151549
151672
151738
151974
152021
152182
152351
152439
152582
152745
152847
152959
152995
153177
153270
153440
153565
153683
153799
153952
154011
154108
154145
154270
154307
154424
154617
154644
154773
155016
155120
155313
155373
155543
155702
155838
156078
156181
156208
156436
156624
156680
156743
156745
156772
156878
156936
157163
157373
157407
157469
157627
157799
157821
157990
158210
158298
158309
158538
158693
158714
158893
159133
159292
159430
159454
159494
159658
159752
159992
160076
160302
160340
160428
160478
160518
160745
160906
160973
161098
161216
161307
161562
161795
161942
162150
162207
162324
162373
162514
162750
162990
163057
163236
163297
163321
163401
163522
163751
163844
163997
164189
164364
164604
164678
164705
164834
164851
165088
165187
165293
165315
165517
165638
165700
165765
165963
166071
166290
166543
166663
166845
167078
167179
167237
167311
167535
167658
167837
167985
168239
168443
168581
168808
168935
169084
169138
169244
169467
169537
169581
169821
169853
170055
170258
170273
170457
170708
170832
170872
171105
171347
171553
171774
171805
171974
172157
172182
172194
172388
172482
172586
172597
172631
172870
173121
173256
173316
173333
173509
173526
173750
173863
173900
174042
174152
174327
174433
174682
174768
174960
175119
175355
175539
175778
175852
176011
176198
176367
176494
176626
176720
176853
176978
177152
177186
177367
177557
177652
177754
177958
178034
178100
178255
178265
178360
178510
178574
178679
178930
179138
179381
179508
179553
179658
179859
180048
180296
180483
180671
180741
180803
180882
180927
180995
181217
181454
181541
181631
181874
181885
182021
182047
182105
182233
182460
182676
182820
182952
183094
183305
183415
183520
183594
183699
183715
183726
183966
184179
184329
184387
184580
184605
184781
184859
185065
185258
185385
185471
185605
185722
185855
185880
186093
186106
186140
186168
186285
186480
186636
186696
186712
186791
186909
187119
187166
187408
187466
187658
187812
187871
187916
188090
188187
188372
188624
188650
188656
188782
189003
189071
189324
189405
189478
189668
189884
190044
190164
190331
190352
190375
190598
190643
190857
190986
191065
191243
191433
191562
191783
191788
191840
191986
192024
192177
192393
192446
192688
192766
192827
192904
193131
193162
193284
193360
193447
193586
193737
193886
193947
194178
194397
194602
194638
194725
194819
194960
195187
195414
195638
195764
195823
195859
196038
196195
196358
196494
196690
196877
197032
197108
197232
197250
197348
197533
197533
197639
197716
197843
197897
197933
198075
198250
198303
198346
198421
198594
198818
198913
198930
199093
199319
199482
199713
199810
199865
200036
200182
200213
200357
200377
200569
200695
200882
201003
201078
201196
201309
201314
201553
201750
201978
202171
202272
202298
202457
202631
202701
202901
203149
203199
203200
203435
203558
203758
203884
204052
204069
204154
204276
204335
204530
204579
204618
204803
205038
205086
205265
205514
205675
205835
205916
206018
206191
206361
206616
206801
206923
207077
207223
207256
207424
207517
207576
207813
207824
207859
207935
208087
208162
208336
208554
208729
208828
208893
209083
209241
209373
209464
209580
209729
209855
209917
210148
210178
210210
210416
210605
210835
210950
211103
211121
211270
211357
211415
211519
211520
211618
211773
211898
211982
212140
212306
212487
212733
212856
212978
213139
213161
213354
213432
213564
213605
213832
213868
213979
214050
214292
214456
214617
214734
214927
215175
215243
215498
215669
215803
216004
216213
216402
216637
216677
216917
216938
217111
217295
217361
217512
217617
217696
217766
217882
218061
218279
218355
218511
218555
218573
218706
218820
218825
218833
218861
218992
219195
219240
219348
219395
219597
219827
219865
220067
220274
220347
220435
220628
220849
221098
221257
221398
221604
221789
221868
222106
222339
222362
222564
222751
222778
222994
223054
223226
223398
223576
223754
223870
223956
224081
224210
224376
224614
224839
224840
224910
224920
225078
225200
225442
225542
225758
225899
226147
226150
226300
226348
226449
226540
226783
226863
227016
227135
227255
227265
227390
227456
227508
227725
227925
228001
228100
228111
228131
228188
228258
228286
228393
228513
228716
228802
228986
229155
229406
229420
229521
229668
229670
229821
229877
230069
230140
230159
230314
230557
230684
230885
231027
231167
231309
231365
231370
231410
231414
231516
231612
231748
231944
231996
232171
232187
232428
232461
232585
232748
232996
233151
233261
233340
233578
233776
233939
234113
234364
234496
234557
234578
234756
234906
234974
235080
235198
235442
235489
235672
235709
235719
235832
235879
235887
236102
236188
236268
236513
236618
236820
236940
236995
237056
237247
237431
237434
237662
237747
237798
237982
238109
238291
238422
238445
238500
238668
238771
238846
238957
238987
239190
239375
239569
239711
239851
240010
240240
240257
240484
240705
240960
241148
241346
241497
241688
241688
241796
241875
242117
242307
242530
242535
242610
242686
242705
242784
243021
243078
243235
243376
243483
243670
243912
243934
244096
244141
244195
244217
244254
244496
244513
244587
244796
244804
244856
244975
245088
245226
245343
245586
245700
245895
246132
246245
246420
246633
246794
246798
246912
247091
247231
247425
247537
247637
247805
247883
247988
248024
248198
248408
248506
248677
248876
249076
249119
249320
249486
249494
249580
249754
249941
250052
250139
250307
250357
250478
250487
250579
250810
250907
251142
251170
251403
251554
251649
251699
251947
252057
252232
252298
252339
252446
252597
252661
252832
253055
253143
253350
253428
253633
253784
253871
254076
254155
254180
254352
254592
254832
254969
255113
255294
255336
255460
255487
255644
255749
255760
255949
256118
256232
256433
256628
256691
256749
256987
257222
257401
257529
257615
257810
258039
258256
258363
258556
258629
258742
258801
259051
259156
259263
259334
259561
259669
259906
259948
260059
260143
260346
260434
260468
260603
260836
260864
261005
261113
261356
261543
261601
261633
261810
262034
262259
262489
262639
262788
262875
263110
263248
263497
263514
263541
263663
263906
264128
264279
264534
264743
264995
265100
265266
265341
265374
265397
265517
265713
265959
266185
266401
266606
266627
266658
266696
266719
266752
266879
267132
267202
267319
267560
267595
267816
267858
268106
268318
268435
268627
268708
268928
269080
269222
269464
269536
269726
269861
270022
270126
270201
270415
270439
270651
270779
270975
271187
271212
271239
271390
271580
271643
271742
271977
272054
272230
272261
272322
272351
272493
272531
272776
272991
273127
273196
273275
273513
273743
273810
274065
274308
274424
274466
274499
274646
274726
274737
274850
274955
275146
275183
275356
275567
275603
275802
276033
276245
276290
276540
276619
276782
276794
276863
276896
276994
277123
277181
277247
277264
277340
277373
277547
277725
277956
278119
278347
278491
278575
278603
278615
278638
278779
278940
279156
279162
279224
279263
279352
279470
279688
279781
279835
279988
280214
280251
280269
280292
280447
280680
280842
280889
281014
281101
281124
281372
281593
281624
281845
282043
282171
282247
282248
282271
282276
282299
282346
282490
282571
282701
282751
282990
283018
283039
283143
283365
283511
283525
283552
283785
283878
283900
284099
284221
284311
284378
284525
284667
284894
284982
285062
285312
285463
285707
285813
285868
285911
286150
286382
286462
286687
286925
287002
287111
287288
287463
287628
287779
287981
288071
288297
288300
288382
288604
288623
288645
288670
288748
288798
289004
289131
289225
289334
289345
289450
289550
289699
289772
289957
289994
290215
290435
290515
290757
290910
291095
291279
291335
291542
291745
291917
291998
292008
292024
292199
292446
292630
292642
292819
293049
293066
293303
293521
293650
293892
293925
293991
294202
294241
294407
294548
294608
294629
294853
294907
295045
295138
295147
295218
295265
295408
295533
295655
295809
295831
296032
296196
296436
296536
296661
296687
296716
296768
296791
296947
297111
297310
297421
297611
297617
297823
298049
298080
298235
298257
298274
298383
298525
298561
298583
298623
298758
298936
299125
299166
299218
299334
299422
299564
299686
299700
299931
300050
300278
300290
300393
300397
300550
300699
300733
300789
300854
301075
301086
301211
301434
301510
301646
301693
301731
301875
301963
301983
302073
302210
302235
302237
302287
302447
302692
302782
302957
303064
303243
303284
303428
303572
303683
303704
303833
303887
304106
304321
304533
304698
304842
304946
304969
305008
305019
305197
305239
305336
305536
305595
305827
306058
306247
306379
306621
306801
306823
307020
307113
307317
307339
307460
307490
307631
307721
307956
308164
308353
308530
308779
309003
309157
309349
309419
309610
309759
309876
310081
310319
310461
310501
310539
310575
310766
310833
311044
311155
311252
311376
311597
311830
311986
312068
312310
312405
312481
312506
312712
312877
312903
312959
313082
313186
313222
313257
313295
313417
313641
313889
313963
314067
314126
314364
314419
314525
314670
314891
315080
315330
315369
315440
315666
315713
315807
315854
315979
316024
316214
316345
316458
316517
316581
316737
316914
317093
317143
317235
317254
317368
317390
317560
317781
318024
318108
318287
318477
318629
318790
319020
319215
319295
319360
319590
319607
319711
319815
320034
320037
320073
320179
320202
320331
320580
320608
320644
320663
320737
320914
321002
321256
321373
321478
321666
321736
321855
322011
322189
322345
322432
322643
322885
323008
323025
323183
323256
323286
323391
323540
323642
323718
323785
323835
323910
324080
324295
324538
324658
324675
324680
324834
325031
325266
325419
325422
325521
325714
325875
325897
325963
325973
326208
326316
326456
326688
326915
326967
327007
327260
327354
327387
327617
327769
327830
327869
327892
328067
328218
328450
328522
328600
328687
328857
328944
329001
329060
329087
329212
329418
329419
329638
329804
329971
330110
330256
330343
330595
330803
330857
330894
330931
331120
331358
331549
331677
331677
331736
331745
331982
332085
332102
332302
332313
332404
332574
332816
332941
332977
333112
333296
333511
333589
333658
333777
333899
334147
334366
334470
334685
334798
334851
335012
335015
335161
335390
335579
335792
336035
336189
336243
336406
336528
336625
336791
337033
337203
337373
337409
337485
337585
337727
337858
338047
338211
338258
338355
338371
338550
338705
338884
338989
338991
339143
339388
339413
339417
339557
339651
339780
339877
339936
340046
340051
340116
340257
340299
340469
340706
340893
341028
341050
341205
341227
341237
341345
341523
341532
341731
341872
342104
342140
342176
342177
342220
342324
342331
342386
342485
342676
342903
343148
343155
343205
343449
343561
343715
343831
343859
343971
344070
344187
344260
344434
344659
344904
344971
345158
345184
345312
345483
345625
345825
345894
346003
346235
346346
346510
346722
346803
346928
346953
347175
347237
347344
347497
347529
347750
347897
348053
348240
348344
348391
348476
348720
348741
348819
349010
349041
349100
349297
349342
349435
349677
349713
349938
350005
350110
350310
350471
350538
350641
350748
350797
351046
351068
351135
351332
351426
351496
351571
351630
351668
351802
352057
352138
352144
352321
352529
352782
352967
353155
353299
353336
353392
353441
353647
353703
353854
354044
354055
354067
354199
354295
354525
354626
354827
355016
355209
355351
355444
355467
355499
355505
355507
355538
355709
355901
355989
356164
356208
356370
356561
356816
356990
357055
357254
357287
357311
357351
357447
357498
357741
357940
358043
358126
358231
358416
358593
358667
358669
358674
358785
358803
359036
359193
359393
359404
359532
359770
359831
360006
360212
360339
360570
360576
360784
360891
360985
361139
361192
361416
361494
361591
361846
361922
361926
361986
362187
362278
362298
362368
362454
362573
362810
362870
363059
363244
363280
363295
363375
363544
363710
363797
363941
363985
364007
364112
364357
364393
364473
364524
364724
364898
364982
364999
365222
365368
365488
365658
365718
365867
365901
365932
365932
366157
366295
366434
366560
366795
366935
366952
367040
367067
367187
367423
367441
367556
367594
367769
367879
368082
368220
368458
368503
368568
368732
368743
368848
369090
369130
369317
369388
369495
369699
369921
370076
370328
370368
370508
370510
370685
370837
371015
371146
371197
371441
371685
371814
372065
372101
372189
372273
372356
372377
372627
372812
372883
372923
372951
373106
373259
373401
373602
373695
373926
374155
374365
374470
374520
374600
374779
375017
375043
375099
375260
375422
375649
375765
375923
375992
376176
376400
376516
376553
376630
376800
376821
377025
377240
377466
377570
377701
377894
378033
378149
378350
378563
378745
378821
379013
379085
379144
379367
379578
379616
379851
379983
380191
380293
380397
380548
380648
380691
380784
380804
381016
381218
381456
381638
381659
381826
381880
382012
382187
382336
382342
382371
382561
382753
382988
383192
383371
383377
383569
383657
383889
384074
384095
384219
384266
384442
384601
384605
384732
384907
385102
385242
385375
385513
385653
385700
385884
386096
386200
386255
386298
386497
386724
386832
386974
387224
387344
387592
387664
387781
388025
388225
388290
388317
388512
388700
388706
388908
388955
389043
389244
389351
389578
389826
389892
390131
390370
390443
390690
390807
390825
390934
391156
391318
391389
391459
391681
391785
391807
392012
392015
392124
392203
392224
392409
392610
392715
392945
393127
393154
393274
393312
393493
393549
393717
393881
393957
394162
394344
394560
394738
394846
395015
395041
395233
395425
395521
395725
395842
396067
396191
396312
396438
396543
396593
396702
396773
396984
397045
397245
397438
397532
397559
397600
397803
397805
398005
398160
398374
398415
398465
398609
398753
398928
399141
399208
399377
399500
399659
399798
400011
400056
400298
400324
400514
400538
400682
400743
400932
401187
401352
401465
401699
401710
401788
401929
401980
402121
402250
402425
402534
402568
402601
402698
402772
402775
402824
402882
402979
403084
403146
403336
403406
403448
403451
403667
403861
403899
404004
404021
404180
404214
404256
404425
404680
404703
404901
404980
405083
405099
405109
405308
405419
405495
405704
405783
405873
406026
406058
406296
406458
406704
406791
406858
406984
407213
407306
407364
407469
407693
407946
408137
408385
408420
408663
408918
409027
409217
409364
409562
409566
409572
409794
409826
410013
410188
410331
410424
410659
410748
410802
410959
411115
411157
411231
411270
411305
411387
411412
411613
411731
411792
411905
412017
412041
412216
412332
412429
412630
412869
413068
413319
413384
413446
413505
413528
413721
413909
414098
414323
414385
414387
414422
414428
414591
414595
414677
414791
414982
415006
415048
415203
415404
415438
415577
415685
415875
416028
416252
416409
416432
416463
416714
416751
416910
416923
416997
417151
417180
417207
417437
417506
417520
417744
417998
418123
418278
418426
418593
418674
418894
419007
419136
419372
419580
419676
419922
419976
420014
420176
420229
420461
420711
420854
420879
421049
421134
421340
421454
421536
421701
421758
421902
421958
422062
422134
422315
422557
422763
422838
422887
422963
422986
423148
423254
423368
423600
423829
423875
424040
424118
424198
424435
424581
424597
424801
424928
425062
425211
425212
425444
425636
425642
425713
425911
425962
426065
426234
426403
426442
426670
426756
426834
426952
427028
427280
427341
427452
427683
427938
428182
428422
428539
428604
428715
428847
428933
429101
429126
429137
429267
429497
429708
429742
429979
430035
430174
430272
430336
430562
430791
430970
431149
431252
431263
431463
431588
431657
431689
431878
431960
432160
432212
432438
432488
432638
432695
432941
433171
433236
433285
433442
433674
433758
433851
433893
433903
434123
434333
434438
434628
434660
434793
435005
435256
435413
435518
435703
435775
435879
435882
436062
436148
436213
436390
436449
436634
436822
437000
437021
437054
437281
437303
437488
437595
437800
437954
437993
438117
438135
438309
438378
438434
438594
438815
438934
439113
439210
439319
439472
439475
439563
439773
439895
440128
440187
440225
440294
440368
440621
440837
440884
441024
441170
441331
441348
441429
441431
441457
441562
441585
441759
441964
442069
442140
442285
442369
442402
442424
442514
442635
442651
442826
442976
442985
442991
443008
443157
443318
443543
443603
443698
443725
443758
444009
444249
444390
444402
444519
444599
444727
444856
444932
445182
445381
445596
445661
445681
445913
445946
446123
446222
446465
446626
446726
446748
446969
447063
447079
447220
447419
447563
447704
447874
447876
448004
448252
448392
448595
448662
448719
448880
449101
449189
449405
449437
449581
449590
449700
449704
449704
449796
449876
450049
450134
450181
450253
450488
450505
450717
450864
451032
451129
451159
451279
451515
451599
451673
451914
452117
452229
452404
452451
452656
452752
452972
453031
453115
453148
453190
453332
453426
453627
453722
453892
454090
454338
454463
454532
454576
454780
454997
455087
455183
455200
455241
455300
455458
455489
455516
455727
455738
455915
456144
456154
456276
456280
456405
456432
456533
456714
456848
456885
456987
457092
457252
457488
457715
457889
458142
458163
458414
458488
458570
458669
458752
458934
459163
459302
459328
459476
459537
459755
459896
460114
460292
460527
460678
460744
460935
461108
461224
461350
461415
461616
461826
461925
462168
462386
462420
462541
462685
462840
462929
463134
463155
463379
463522
463714
463794
463816
463943
463952
464133
464214
464356
464558
464623
464764
464869
465029
465206
465386
465617
465812
466018
466190
466330
466409
466495
466717
466735
466815
466953
467061
467282
467424
467650
467837
467967
468084
468185
468360
468510
468535
468754
468810
468981
469206
469209
469227
469240
469306
469374
469443
469555
469571
469721
469747
469939
470002
470151
470348
470590
470692
470777
470844
470867
471024
471202
471406
471614
471735
471970
472008
472067
472104
472197
472202
472331
472484
472709
472788
472918
472990
473145
473399
473539
473741
473930
474115
474360
474485
474580
474614
474864
474946
475055
475138
475392
475505
475633
475709
475862
476094
476293
476444
476571
476646
476682
476769
476928
476963
477207
477392
477412
477575
477807
477838
477841
478069
478175
478201
478279
478404
478615
478625
478794
478885
479019
479194
479395
479560
479813
479968
479998
480207
480416
480614
480643
480802
480890
481135
481365
481569
481647
481740
481895
481932
482169
482353
482396
482579
482700
482782
482895
482931
483113
483230
483358
483463
483626
483760
483780
484011
484115
484142
484285
484448
484476
484540
484768
484871
485099
485329
485353
485424
485496
485729
485871
485893
486136
486193
486368
486456
486518
486652
486717
486743
486959
487145
487331
487567
487812
487890
488076
488289
488361
488508
488596
488674
488764
488910
488941
489076
489088
489271
489398
489563
489765
489834
490076
490103
490216
490296
490511
490642
490660
490914
491069
491144
491161
491264
491343
491437
491472
491558
491578
491757
491795
492024
492250
492365
492461
492581
492723
492913
493026
493027
493162
493415
493607
493752
493844
494066
494308
494508
494535
494739
494761
494763
494906
495106
495202
495365
495507
495509
495611
495615
495698
495812
495868
495904
495975
496121
496270
496459
496555
496697
496824
497019
497209
497233
497298
497480
497684
497939
498047
498217
498284
498380
498493
498721
498798
499012
499267
499419
499495
499680
499726
499931
500056
500143
500199
500224
500409
500445
500542
500738
500867
500992
501188
501339
501349
501352
501363
501495
501735
501848
502080
502159
502408
502467
502562
502663
502669
502854
502855
502933
503035
503256
503339
503457
503665
503738
503937
504167
504292
504418
504484
504673
504835
504970
505223
505468
505703
505844
505903
506068
506274
506310
506311
506312
506333
506459
506521
506530
506606
506629
506821
506999
507239
507407
507602
507845
507859
508034
508136
508285
508351
508552
